Sample	Decade	Wheat cultivar	Crude_protein_mg_g	Crude_protein_mg_g.var	Albumins-globulins_mg_g	Albumins-globulins_mg_g.var	Gliadins_mg_g	Gliadins_mg_g.var	Glutenins_mg_g	Glutenins_mg_g.var	Gluten_mg_g	Gluten_mg_g.var	Gliadin_Glutenin_ratio	omega5-gliadins	omega5-gliadins.var	omega1-2-gliadins	omega1-2-gliadins.var	alpha-gliadins	alpha-gliadins.var	gamma-gliadins_mg_g	gamma-gliadins_mg_g.var	omega-b-gliadins_mg_g	omega-b-gliadins_mg_g.var	HMW-GS	HMW-GS.var	LMW-GS	LMW-GS.var
1	1891-1900	Rimpaus Früher Bastard	94.2	1.6	15.7	0	37.9	0.8	18.6	1.1	56.5	0.5	2	1.9	0	2.4	0	19.4	0.4	14.1	0.3	0.6	0	4.6	0.2	13.3	0.8
2	1891-1900	Rimpaus Dickkopf	80.7	0	13.9	0.5	37.7	1.7	16.1	0.8	53.8	2.5	2.3	1.8	0.2	3.3	0.4	19	0.8	13.7	0.4	0.7	0	3.7	0.2	11.7	0.6
3	1891-1900	Strubes Dickkopf	77.5	0.1	14.1	0.5	38.7	0.6	13.3	0.1	52	0.5	2.9	1.5	0	3.7	0	17.4	0.3	16	0.2	0.5	0	2.9	0.1	10	0.1
4	1891-1900	Cimbals Großherzog von Sachsen	78.9	0	14.8	0.1	36.1	0.5	16.8	0.3	52.9	0.8	2.2	2.5	0	4.1	0	17.2	0.2	12.3	0.2	0.7	0	4.3	0.1	11.8	0.2
5	1891-1900	Steigers Leutewitzer Dickkopf	61.5	1.3	12.4	1.1	26.8	0.7	12	0.3	38.8	0.5	2.2	1.3	0	2.5	0	12.4	0.3	10.5	0.3	0.5	0	2.7	0.1	8.9	0.2
6	1901-1910	Breustedts Extra Dickkopf	92.8	0	15.7	0.4	45	0.2	15.5	0.2	60.5	0.1	2.9	2.2	0	4.3	0	20.8	0.1	17.7	0.1	0.7	0	3.1	0.1	11.7	0.2
7	1901-1910	Janetzkis Früher Kreuzung	83.2	0.7	13.9	0.4	39.5	0.5	16	1	55.5	1.3	2.5	2	0	3	0.1	19.8	0.3	14.6	0.3	0.7	0	3.7	0.3	11.6	0.7
8	1901-1910	Kraffts Siegerländer	76.4	1.3	13.8	0.1	35.8	1.3	16.7	0.6	52.6	1.2	2.1	1.7	0	3.5	0	17.7	0.7	12.9	0.5	0.6	0	4.2	0.1	11.9	0.5
9	1901-1910	Ruppiner Brauner Landweizen	71.9	0.1	13	0.1	36.8	0.4	9.4	0.6	46.2	0.2	3.9	1.6	0	3.8	0	17.7	0.2	13.6	0.1	0.4	0	2	0.1	7	0.4
10	1901-1910	Ackermanns Brauner Dickkopf	74.4	0	13	0.2	35.1	0.5	14.8	0.9	49.9	0.3	2.4	1.7	0	4	0	16.4	0.2	13.1	0.3	0.6	0	3.6	0.2	10.6	0.6
11	1911-1920	Lembkes Obotriten Weizen	78.4	0	14.3	0.4	36.4	0.5	14.9	0.8	51.2	1.2	2.4	2.2	0	4.1	0	14.3	0.1	15.7	0.3	0.7	0	3.3	0.2	10.8	0.6
12	1911-1920	Heinrichs von Hindenburg	71.2	0.1	15	0.3	30.6	0.6	13.5	0.4	44.1	0.9	2.3	1.8	0	3.2	0.1	14.4	0.3	11.3	0.3	0.5	0	2.9	0.1	10	0.3
13	1911-1920	Friedrichswerther Berggoldweizen	73.8	0.7	13.9	0.2	35.4	0.1	13.2	0.5	48.6	0.4	2.7	1.4	0	3.7	0	15.8	0.1	14.5	0.1	0.4	0	2.9	0.1	9.9	0.4
14	1911-1920	Stadlers Brauner Dickkopf	88.1	0.1	13.9	0.2	47.1	0.6	11.8	0.1	58.9	0.5	4	2	0	5	0	22.6	0.3	17.5	0.2	0.5	0	2.7	0.1	8.6	0.1
15	1911-1920	Strubes General von Stöcken	70.3	0.1	12.6	0.2	35.3	0.6	11.1	0.5	46.4	1	3.2	1.6	0	3.4	0	14.9	0.2	15.4	0.3	0.5	0	2.6	0.1	8	0.4
16	1921-1930	Mettes Quedlinburger Schloss	76.3	0	13.1	0.2	33.3	0.5	15	0.4	48.3	0.9	2.2	2	0	2.9	0	16.5	0.3	11.9	0.1	0.6	0	3	0.1	11‐4	0.3
17	1921-1930	Passendorfer Goldweizen	70.7	0.1	12.6	0.4	33.9	1.8	13	0.8	46.9	2.6	2.6	1.4	0.1	2.6	0.1	17.6	0.4	12.3	1.4	0.5	0	2.8	0.2	9.7	0.6
18	1921-1930	Heges Basalt	63.9	0.1	13	0.2	25	0.7	11.3	0.5	36.3	1.1	2.2	1.2	0	2.2	0	12.9	0.5	8.8	0.2	0.4	0	2.2	0.1	8.6	0.4
19	1921-1930	Salzmünder Ella	76.1	0.1	14.2	0.4	33.6	0.1	11.8	0.9	45.4	0.9	2.8	1.5	0	2.8	0	15.8	0.1	13.5	0.2	0.4	0	2.2	0.1	9.2	0.8
20	1921-1930	Ackermanns Jubel	76.7	0.1	15	0.1	32.5	0.2	13.1	0.4	45.7	0.3	2.5	1.6	0	2.8	0	15.7	0.1	12.5	0.1	0.4	0	3.4	0.1	9.4	0.4
21	1931-1940	Heines II	77.3	0.2	13.8	0.2	35.7	0.5	11.6	0.4	47.3	0.6	3.1	1.8	0	2.5	0	17.8	0.2	13.7	0.2	0.4	0	2.8	0.1	8.4	0.3
22	1931-1940	Poernbacher Graf Toerring	75.6	0	14	0.2	31.4	0.4	12.1	0.2	43.4	0.6	2.6	1.5	0	2.6	0	15.9	0.2	11.4	0.2	0.5	0	2.6	0.1	8.9	0.2
23	1931-1940	Grundmanns Wotan	73.9	0.1	13.9	0.1	33.8	1.1	10.5	0.4	44.3	0.7	3.2	1.6	0	2.9	0	14.8	0.4	14.6	0.6	0.5	0	2.3	0.1	7.8	0.3
24	1931-1940	Nordost Sandomir	84.7	0.1	14.2	0.1	39	0.2	14.6	0.2	53.5	0.4	2.7	1	0	3.4	0	16.9	0.2	17.7	0.1	0.4	0	2.4	0.1	10.8	0.2
25	1931-1940	Rimpaus Bastard II	75.2	0.2	14	0.3	24.6	0.6	14.9	1.2	39.5	1.6	1.6	1.2	0	1.8	0	12.1	0.4	9.5	0.3	0.7	0.2	3.6	0.3	10.7	0.7
26	1941-1950	Dippes Strum Weizen	75.6	0.1	13.5	0.3	25.5	0.9	13.8	0.2	39.3	0.7	1.8	1.1	0	2.2	0	11	0.4	11.3	0.4	0.6	0	3.2	0.1	10	0.2
27	1941-1950	Firlbeck I	76	0.1	13.3	0.3	23.7	1.7	19.5	0.4	43.2	2.1	1.2	1.3	0	2.6	0	10.2	0.6	9.7	1	0.8	0.3	4.1	0.2	14.5	0.3
28	1941-1950	Strengs Marschall	107.5	0.2	15.2	0.2	54.9	2	26.1	1.3	81	3.1	2.1	3.6	0.1	6.4	0.1	25	1	19.9	0.8	0.9	0.2	6.7	0.5	18.5	0.7
29	1941-1950	Erbachshofer Braun	114	0.1	15.2	0.4	61.7	2.8	24.3	0.8	86	3	2.5	3.6	0.2	6.9	0.3	31.9	1.5	19.3	0.8	0.8	0	6.7	0.3	16.8	0.5
30	1941-1950	Walz Oberrheinperle	130.5	0.1	16.6	0.4	70.5	3	27.6	1	98.1	2.1	2.6	5.6	0.3	8.9	0.6	34.4	1.5	21.5	0.8	0.8	0	8	0.1	18.8	1
31	1951-1960	Heines VII	107.9	0.1	15.2	0.6	58.2	2.3	20	0.3	78.1	2.2	2.9	5.2	0.2	6.1	0.2	28.8	1.4	18.1	0.6	1	0	4.8	0.1	14.2	0.1
32	1951-1960	Carstacht	112.8	0.1	16.2	0.7	58.9	1.4	26.3	1.1	85.3	1.3	2.2	2.3	0	8.1	0.2	27.9	0.5	20.1	0.6	0.8	0	7.9	0.4	17.7	0.7
33	1951-1960	Fanal	83.4	0.1	13.3	0.2	46.9	3.8	17.9	1	64.8	2.8	2.6	3.4	0.1	4.4	0.3	22.7	1.8	16.5	1.6	0.7	0	3.8	0.1	13.3	0.9
34	1951-1960	Merlin	63	0	11.6	0.7	27.7	1.4	14.6	0.4	42.2	1.9	1.9	1.7	0	2.4	0.2	13.8	0.8	9.8	0.5	0.5	0	3	0.1	11	0.4
35	1951-1960	Hadmerslebener Qualitas	67.1	0.5	11.5	0.4	34	0.2	16.2	1.2	50.2	1	2.1	1.1	0	3.7	0.1	15.7	0.6	13.5	0.5	0.6	0	4.1	0.1	11.5	1
36	1961-1970	Jubilar	90.5	0.7	13	0.2	49.6	1.8	21.2	1	70.8	2.3	2.3	2.4	0	4.6	0.1	25.6	1.4	17	0.3	0.8	0	5	0.4	15.3	0.6
37	1961-1970	Format	81.8	0.6	14.2	0.3	42.5	1.8	19.5	1.4	62	0.6	2.2	2.2	0	4.3	0.2	19	0.7	17	0.9	0.7	0	4.5	0.3	14.2	1
38	1961-1970	Konsul	90.6	0.9	15	0.4	49.6	1.3	18.7	0.4	68.3	1.6	2.7	2.6	0	4.7	0.1	22.8	0.6	19.5	0.5	0.7	0	4.5	0.1	13.4	0.3
39	1961-1970	Poros	81	0	14.5	0.5	42.1	1.4	16.3	0.6	58.5	1.6	2.6	1.3	0	3.4	0.1	19.7	0.9	17.7	0.4	0.4	0	4	0.2	11.9	0.4
40	1961-1970	Pilot	60.8	0.8	12	0.3	29	0.4	12.9	0.8	41.9	1.1	2.3	1.1	0	2.6	0	13.7	0.3	11.7	0.1	0.4	0	3.1	0.2	9.3	0.5
41	1971-1980	Caribo	65.6	0.1	11.8	0	31.4	2.1	17	0.4	48.3	2	1.8	1.2	0.1	3	0	15	1.7	12.1	0.3	0.6	0	3.9	0.1	12.5	0.3
42	1971-1980	Diplomat	66.9	0.6	11.9	0.3	33	0.8	16.6	0.5	49.6	0.9	2	1.8	0	3.6	0.1	14.2	0.5	13.4	0.2	0.7	0	4.2	0.1	11.7	0.4
43	1971-1980	Kormoran	59.8	0.1	11.9	0.2	25.9	0.3	14.8	0.7	40.6	0.8	1.8	1.2	0	2.7	0	11.7	0.2	10.3	0.1	0.5	0	3.2	0.2	11	0.5
44	1971-1980	Alcedo	78.2	0	13.8	0.8	41.6	3	23.3	0.5	54.9	3.2	3.1	1.6	0	4.1	0.3	18.8	1.4	17.1	1.2	0.5	0	3	0.3	9.8	0.2
45	1971-1980	Vuka	87.6	1	12.9	0.2	27	0.8	17.6	0.2	44.6	0.6	1.5	1.1	0	2	0	13.4	0.5	10.4	0.3	0.7	0	3.9	0.2	13	0.1
46	1981-1990	Kanzler	65.8	0.2	11.2	0.8	32.9	0.6	17.7	0	50.5	0.6	1.9	1.3	0	2.8	0	16.5	0.3	12.3	0.2	0.6	0	4.2	0.1	12.8	0.1
47	1981-1990	Ares	74.1	0.1	11.3	0.5	38.3	1.2	18.5	1	56.8	1.7	2.1	3.1	0	4.2	0.2	18.7	0.5	12.2	0.5	0.8	0	4.4	0.3	13.4	0.7
48	1981-1990	Rektor	105.1	0.5	13.5	0.5	56.1	3.4	27.4	1.5	83.5	1.9	2	3	0.1	4.7	0.3	27.5	1.8	20.9	1.5	1	0.1	6.1	0.2	20.3	1.2
49	1981-1990	Okapi	65.6	0.1	11.6	0.3	36.1	1.9	16.4	0.5	52.5	1.7	2.2	1.3	0	3	0.1	17.6	1	14.2	0.8	0.5	0	3.7	0.1	12.2	0.4
50	1981-1990	Miras	73.9	0.2	11.4	0.9	37.7	0.9	17.8	0.6	55.4	1	2.1	1.4	0	3.2	0.3	17.9	0.7	15.2	0.4	0.6	0	4.4	0.1	12.8	0.5
51	1991-2000	Ritmo	60.6	0.1	10.4	0.4	31.3	1.9	12.6	0.2	43.9	1.7	2.5	1.5	0	3.1	0.1	15.1	1	11.6	0.6	0.6	0	2.8	0.1	9.2	0.2
52	1991-2000	Zentos	63.7	0.1	12.5	0.7	27.5	1.6	14.1	0.8	41.6	0.9	2	1	0	2.4	0.1	13.6	1	10.6	0.4	0.5	0	3.3	0.1	10.3	0.6
53	1991-2000	Astron	73.3	1.5	11.7	0.3	38.4	1.6	19.8	0.3	58.2	1.7	2	1.9	0	3.3	0	19.1	0.7	14.1	0.9	0.7	0	4.5	0.1	14.6	0.3
54	1991-2000	Borenos	81	0.8	14.4	0.2	41.2	0.7	17.7	0.5	58.9	0.8	2.3	1.3	0	4.3	0	19.6	0.1	16.1	0.7	0.5	0	4.7	0.2	12.5	0.4
55	1991-2000	Orestis	77	1.5	14.3	1	35.5	1	17.5	1.2	52.9	2.2	2	1.7	0	3.5	0.2	17	1.5	13.3	0.8	1.7	0	4.2	0.1	12.6	1.1
56	2001-2010	Akteur	65.1	0.1	10.8	0.5	21.7	1.1	17.3	0.8	39	0.4	1.3	1.1	0	2	0.1	11	0.7	7.7	0.3	0.6	0	3.9	0.1	12.7	0.7
57	2001-2010	Cubus	68.3	0.1	11.5	0.5	25.2	0.7	16.7	0.1	41.9	0.7	1.5	1.2	0	2.2	0	11.5	0.3	10.4	0.3	0.6	0	3.9	0.1	12.2	0.1
58	2001-2010	Dekan	70.4	0.1	11.5	0.5	26	0.7	18.2	0.9	44.2	0.2	1.4	1.6	0	2.3	0.1	13.5	0.3	8.8	0.2	0.8	0	4.7	0.2	12.7	0.7
59	2001-2010	Drifter	94.6	0.1	14.2	0.4	39.1	3	20.1	1.1	60.1	4	1.9	1.9	0.2	3.6	0.3	20.2	1.5	13.4	1	0.6	0	6.4	0.2	14	0.8
60	2001-2010	Tommi	75	0	12.3	0.5	31.4	2	17.6	0.4	48.9	2	1.8	1.7	0	3.7	0.3	14.2	0.5	11.8	1.2	0.7	0	4.3	0.1	12.6	0.3
